320 256 0 0 0
352 256 0 0 0
384 256 0 0 0
416 256 0 0 0
448 256 0 0 0
352 160 32 0 0
352 192 16 16 0
384 192 32 16 0
416 192 32 16 0
448 192 32 16 0
480 192 48 16 0
480 160 48 0 0
480 128 48 0 0
480 96 48 0 0
448 160 32 0 0
448 128 32 0 0
448 96 32 0 0
416 96 32 0 0
384 96 32 0 0
384 128 32 0 0
416 128 32 0 0
416 160 32 0 0
384 160 32 0 0
352 96 16 0 0
352 128 16 0 0
288 224 0 0 1
320 224 0 0 1
352 224 0 0 1
384 224 0 0 1
416 224 0 0 1
448 224 0 0 1
480 224 0 0 1
384 64 0 16 0
416 64 0 16 0
448 64 0 16 0
384 32 0 16 1
416 32 0 16 1
448 32 0 16 1
480 256 0 16 0
288 256 0 16 0
288 288 0 16 0
320 288 0 16 0
352 288 0 16 0
384 288 0 16 0
416 288 0 16 0
448 288 0 16 0
480 288 0 16 0
192 224 0 0 0
96 224 0 0 0
96 128 0 0 0
192 128 0 0 0
96 320 0 0 0
96 352 0 0 1
128 352 0 0 1
160 352 0 0 1
192 352 0 0 1
224 352 0 0 1
64 352 0 0 1
192 320 0 0 0
96 160 0 32 0
96 192 0 32 0
96 256 0 32 0
96 288 0 32 0
192 256 0 32 0
192 288 0 32 0
192 160 0 32 0
192 192 0 32 0
128 224 16 32 0
160 224 16 32 0
576 224 0 0 0
608 224 0 0 0
640 224 0 0 0
672 224 0 0 0
704 224 0 0 0
640 192 0 80 0
640 160 0 64 0
640 128 0 64 0
640 96 0 64 0
640 64 0 48 0
704 192 32 32 1
672 192 32 32 0
224 128 16 32 0
256 128 16 32 0
288 128 16 32 0
320 128 16 32 0
128 128 16 32 0
160 128 16 32 0
512 128 16 32 0
544 128 16 32 0
576 128 0 0 1
576 160 0 32 0
576 192 0 32 0
256 288 0 0 1
