-1096577647 -1624436736 32767 1379032928
128 64 0 0
160 64 0 0
192 64 0 0
224 64 0 0
256 64 0 0
288 64 0 0
288 96 0 0
288 128 0 0
288 192 0 0
288 160 0 0
256 192 0 0
224 192 0 0
192 192 0 0
192 96 0 0
192 160 0 0
192 128 0 0
224 96 16 0
256 96 16 0
256 128 16 0
224 128 16 0
224 160 16 0
256 160 16 0
96 64 0 0
96 96 0 0
96 128 0 0
96 160 0 0
96 192 0 0
96 224 0 0
128 224 0 0
160 224 0 0
192 224 0 0
224 224 0 0
256 224 0 0
288 224 0 0
320 224 0 0
384 224 0 0
352 224 0 0
384 192 0 0
384 160 0 0
384 128 0 0
352 128 0 0
320 128 0 0
320 64 0 0
352 64 0 0
384 64 0 0
384 96 0 0
128 96 0 16
160 96 0 16
160 128 0 16
128 128 0 16
128 160 0 16
160 160 0 16
160 192 0 16
128 192 0 16
